1216390 1x1.cz.
 147255 1x1.cz.
 136437 1x1.cz.
 111048 1x1.cz.
  90672 1x1.cz.
  87121 1x1.cz.
  36170 1x1.cz.
  10978 kvfn.ru.
   7892 1x1.cz.
   6880 1x1.cz.
   6309 1x1.cz.
   6047 1x1.cz.
   3876 1x1.cz.
   3744 1x1.cz.
   3567 1x1.cz.
   3542 1x1.cz.
   3494 1x1.cz.
   3483 1x1.cz.
   3462 1x1.cz.
   3391 1x1.cz.
   3361 1x1.cz.
   3359 1x1.cz.
   3335 1x1.cz.
   3239 1x1.cz.
   3230 1x1.cz.
   3186 1x1.cz.
   3094 1x1.cz.
   3013 1x1.cz.
   1767 1x1.cz.
    531 1x1.cz.
    510 1x1.cz.
    200 1x1.cz.
    158 1x1.cz.
     48 1x1.cz.
     34 kvfn.ru.
     30 (24)
     15 (57)
     15 (57)
     15 (57)
     15 (57)
     15 (57)
     15 (57)
     15 (57)
     15 (57)
     15 (24)
     15 (24)
     15 (24)
     15 (24)
     15 (24)
     15 (24)
     15 (24)
     15 (24)
     15 (24)
     15 1x1.cz.
     15 1x1.cz.
     15 1x1.cz.
     15 1x1.cz.
     14 (57)
     14 (57)
     13 (57)
     13 (24)
     12 (57)
     12 (57)
     12 (57)
     12 (24)
     12 (24)
     12 1x1.cz.
     11 (57)
     11 (57)
     11 (24)
     11 1x1.cz.
     10 (57)
     10 (57)
     10 (24)
     10 (24)
      9 (57)
      9 (24)
      9 (24)
      8 (57)
      8 (57)
      8 (24)
      8 (24)
      7 (57)
      7 (57)
      7 (24)
      7 (24)
      7 1x1.cz.
      6 (57)
      6 (24)
      6 1x1.cz.
      5 (24)
      4 (57)
      4 (57)
      4 (24)
      3 (57)
      3 (24)
      3 (24)
      3 (24)
      2 (57)
      1 kvfn.ru.
      1 kvfn.ru.
      1 (57)
      1 (24)
      1 (24)
      1 .
      1 .
      1 .
